4.7344133616170396e-02
-6.1891202511059291e-02
4.0113080045175789e-02
-4.6054344235013076e-02
-1.3987802106636726e-03
-2.3764616262947610e-02
2.9092611915028776e-03
-7.2891368826810193e-03
-1.0233766920970469e-01
3.7501763314819751e-03
1.0667466064755379e-02
-2.4653035262578192e-02
-2.1979233618039766e-02
5.3008030165679464e-03
1.3116177379989978e-03
1.1260159836758162e-02
-6.5205074268151453e-04
-2.0054340369671176e-02
2.9881471921820398e-03
-2.3903976384458389e-02
2.2158548094881363e-02
7.1368397662172189e-03
-1.0412080299794497e-02
-7.8796550223722700e-03
-3.5206937480124984e-03
-6.8863210484908371e-03
-2.4666337439326466e-03
1.0873600030058342e-02
-4.0844971064029692e-03
8.1861775087124907e-04
-1.6632024286177532e-02
1.8950074408136375e-03
8.1255742377109915e-03
-2.4224125164239974e-01
6.9912123749655483e-02
-1.0563967868948605e-02
3.5339805038185977e-02
-2.6854550647880077e-01
-1.0526409278185031e-02
1.3626476530250495e-01
-2.8515396788642837e-02
-3.8992146229211689e-03
2.1732163006383778e-02
-3.1994882544530761e-03
7.8118945186187241e-04
4.5014544676251137e-04
-1.9349079003087397e-02
1.3803940511875122e-03
7.5789886827744594e-03
3.6684661896513253e-02
-9.5179782884836691e-03
2.4890618073920640e-02
4.4451936901509573e-03
-1.3040729615934568e-02
2.1533890373846279e-03
-3.3769244221919209e-02
-2.4342587685485136e-02
-2.0470036445490246e-02
-3.6282077987042152e-02
-3.5958448573772933e-01
-1.1513694134825119e-02
-1.4456587675585927e-02
1.1430582455205025e-02
1.7199152378348510e-03
2.4514809837763489e-02
-1.2681834126028768e-03
1.0077015932351426e-03
2.1616718664919383e-02
2.0207982147174883e-02
-1.7779273563675632e-02
7.2135175069149973e-02
-4.2482409744534827e-03
8.3031868876080623e-03
-1.6742557595367573e-02
-1.3357382149481954e-02
2.4751816991676564e-03
-1.7204454978622333e-02
-1.3606997936573067e-02
-1.1486787083045649e-04
-5.3579743218825403e-03
-1.2068258191168187e-02
-1.7043631810968450e-03
1.5033971271689475e-02
-5.4457445880726103e-02
-7.0303136983584603e-03
-6.9424794080468052e-04
-4.1233508037170127e-03
4.0117329813736217e-03
-6.2271938399508973e-04
6.8102263201447900e-03
1.1795642968469871e-02
2.4020063247098426e-02
-1.3940492378688174e-03
9.3394840109229504e-03
1.1980115914181281e-02
-3.0994448546403366e-03
-3.4506951232790885e-03
-3.4657593253304038e-03
2.9498296832147983e-03
1.3272026870700105e-02
-1.7487496118484946e-02
5.3427234973165115e-03
-6.1452803004665801e-04
1.0024713411964474e-02
-1.1200758334881487e-02
-2.2560238119241963e-02
4.5260065673043259e-03
1.7354416948171036e-02
1.8146508080098094e-02
3.3203400252928630e-02
4.6168291085123166e-03
2.6450652781136366e-03
1.1224473415915074e-02
2.1063839689307095e-02
1.8901378496526774e-02
1.1574479931705824e-02
-6.2571444404175156e-02
1.3779026395895838e-01
4.2774030990890201e-02
-1.2570436024543846e-01
1.7823000933136747e-02
-5.5500646736699674e-03
1.1550869605258625e-03
1.0899176436434586e-02
-1.1241379703890379e-02
1.8709209541942959e-03
-1.1629051103327652e-02
1.2414556588383491e-02
-2.0497766356650866e-02
1.5653718952032714e-02
7.5912596494091891e-03
1.3074594325983166e-01
3.6315783435218216e-03
-5.9750047912353766e-03
4.5114562027756535e-03
7.3158798243635678e-04
1.2067311326608524e-02
-9.7966236125892631e-03
1.8296296232002577e-02
3.2755282152383813e-01
-2.7784398612880616e-02
-5.0759666680556623e-03
-3.6617464314129204e-02
-1.1757011606339107e-02
-7.0088982868833374e-02
1.8013512773103205e-02
4.5219338947970379e-04
1.9084091682503249e-02
-9.5600703214178424e-03
-3.1741797224411040e-03
-3.9944346012121483e-02
-4.9541299588259993e-03
3.6994809544931434e-01
-1.0280394346942459e-02
4.8648738707011193e-03
1.9929383942569788e-02
7.0112645228903106e-03
-8.8313551133014107e-03
4.1374968878886600e-02
-2.3873347078837193e-01
-2.0222472385679952e-03
-4.9536921904998034e-03
-6.1139105549858741e-02
3.2877767399618285e-02
1.0263865482012110e-02
-1.8749285552061081e+00
6.9178607255493884e-03
2.2117864201750068e-01
6.9068036720516977e-03
1.4621164642836446e-03
-2.1647719384359381e-03
-4.2193811093983423e-03
-5.5087683108246011e-03
1.0116624295145172e-02
5.7943880817330276e-03
1.1850744140476764e-01
3.4475097476222962e-03
1.0311739521051752e-02
1.3994133676954604e-02
1.4624445297951186e-03
-1.0384184403614716e-02
2.2389176807386550e-02
3.1350581042592696e-02
3.3239353892012646e-03
-1.6273908710116719e-03
1.6011993301129411e-05
-7.0994893533142633e+00
7.5202966930010317e-04
-3.9000507352568042e-03
-4.0195233466779827e-02
1.2775945379572912e-01
8.1583762716594718e-02
-3.6740242385518481e-03
-4.6941271751349380e-03
-5.0297686965974165e-03
-1.1549005495175407e-02
-1.2222292630174264e-01
-1.1782181032301433e-02
-3.1028340357651986e-03
-5.1139266606684206e-03
3.5856652604187900e-04
3.0888996299931978e-03
2.3678140764144245e-03
4.0123261079106541e-04
-2.7193958386313383e-03
5.3821702777399963e-03
-3.9565013976779681e-03
-5.0064433542581907e-03
-1.8015417132506228e-01
9.8905981451575774e-03
1.4764904915860490e-02
-9.1167892594809039e-03
4.7209528109446661e-03
7.3982701028924751e-04
2.4664538655421646e-04
3.0232792076485683e-03
-3.4240539453083564e-02
7.3943186801590441e-04
-7.9057300810688333e-02
7.2135713421348657e-01
6.8089070487439346e-03
-3.7854101650137147e-02
-5.1826069931347231e-02
6.0323604204111647e-03
1.0190740340982855e-02
-2.1802302882933461e-01
-5.2775838592948659e-03
-6.7695799060187691e-03
4.4147564773760360e-03
1.2227371842457804e-02
2.6803509840803260e-02
3.6123861780843862e-03
5.2536329023073558e-03
-4.2185362634374838e-03
6.9443926059390829e-02
-1.9404027948594191e-03
2.0787254550293298e-03
-1.2064634071972502e-02
-1.4761355323334634e-02
-7.0466731994421887e-04
-6.2706860298993826e-03
8.2973906530678793e-03
6.9394856088322403e-03
-8.8151057157132267e-03
9.5175565855804771e-04
-7.8904613524986254e-03
4.9237688004280687e-03
-2.5095432383947316e-02
3.5990907432371078e-03
4.0887537230982901e-03
1.0844605188947006e-02
-1.1654087062866145e-02
1.3065071815669306e-02
-8.4591382287981204e-04
1.8677503563456516e-03
2.7499766707884572e-03
8.9122630474480508e-03
4.5098182173315897e-02
-1.9193109433729073e-02
8.8938174060587127e-01
2.0469329356649315e-04
4.4900754011191486e-02
4.9290541342310850e-03
3.8118722275188328e-03
-7.8104649828422690e-04
6.7842407830704492e-03
2.0002073602484452e-03
6.9065978667853904e-03
1.6428909008385152e-02
1.9255229300297828e-03
-1.1565078833088438e-02
5.0095340496377969e-03
4.5615434530226366e-02
3.1873085439664425e-02
3.6499095059061553e-03
-6.9855231733216665e-03
-6.3597006127485501e-03
-2.3194468335672517e-04
3.8920394012394218e-03
-1.7391474503409943e-02
-8.3643174215634331e-03
1.2266372245457990e-02
3.0301803247128807e-03
-4.7434137353463211e-02
5.4262593381392950e-02
8.5879768770901033e-02
1.4693372867636931e-02
-5.3925990222977796e-03
1.4940815318365748e-02
-1.6534259005185726e-02
-1.4928485207893959e-03
9.0852750603214426e-03
-1.2075660089348688e-02
3.8646685802333332e-02
1.1261230182085951e-02
6.4541600772253349e-02
-4.9874335081554703e-03
1.1146910379080322e-02
-9.4142200146244224e-03
-2.7176769402968521e-03
-3.4514655146904768e-03
1.7432430892238979e-02
-1.3687687315014577e-03
6.4663911354233897e-03
2.0422630405875285e-02
-2.7738753753897842e-03
7.4867382508909341e-02
2.7206051861003362e-03
1.8471732220411530e-02
-1.9789602300409312e-01
3.4249217140735207e-02
-1.0133781400553528e-02
-1.2438161211098160e-03
1.8722885837799734e-02
1.4611302117900087e-02
-2.9873588079038578e-03
-2.3035758574307696e-03
-7.5152884766790497e-03
-3.6272278246589670e-02
1.0067746603242942e-02
-8.9050308151588913e-03
-2.4417268704345504e-03
2.1131088202872982e-02
-3.5900794745637468e-02
5.3962366955299422e-03
8.9905103542475360e-03
6.0286672068083956e-03
6.6528754048148508e-03
-3.5818412843249699e-03
5.1402595429870090e-03
3.4541429890193362e-02
-8.0817073853615765e-03
6.5213561319780997e-02
2.2623138757014308e-03
-5.6552479350137916e-03
9.9931127559264327e-03
1.1106581748100341e-03
9.0716839886210866e-03
5.9102521403302999e-03
-9.2644889093904689e-04
1.5696423487327209e-03
5.3976616773872364e-03
-2.5124248516251146e+00
3.6342120004054564e-03
-4.3971277118330359e-03
-2.9285899712548059e-02
-9.6071312842666932e-03
-2.5994702613329035e-02
-9.5508212019748294e-04
-5.9198806955395389e-03
1.4811646739820337e-03
-3.9899487555826738e-03
-1.0852516674106584e-02
2.9064692371171732e-03
-8.8115995715534016e-03
-4.9257335775964159e-03
-3.6468410034721293e-03
-4.7496260288370073e-03
-2.9212739315902356e-04
2.0840553005734780e-01
-3.7995283455119288e-04
6.2016812613226377e-03
7.6557661134160435e-03
-4.3869482545462503e-02
-2.4257765051446320e-02
-3.3879783932489671e-03
-4.6759078538950519e-03
1.9044978248143937e-02
6.7507634922951204e-03
2.3901965078960643e+00
9.9555784929107105e-02
2.3698948360237021e-03
8.8152188108079552e-03
-1.7297585543596991e-02
-1.1916775777211982e-02
1.8533741648915456e-02
1.2750916374505639e-02
5.7429487372082692e-02
7.3406195196858565e-03
-6.5702661418328284e-02
8.5606620879190142e-03
1.3122792918277434e-02
1.7494677134846615e-03
2.7086668636605797e-02
4.4562690665636333e-02
-1.6290048695641143e-02
-4.6408642695361782e-02
4.0508319426458821e-02
-6.4597257965596424e-03
3.8930689040367018e-03
-1.8090324808608116e-02
-6.8239042495380695e-03
-1.4524819816834019e-03
-8.5104466111595725e-04
2.1126996336396507e-03
3.7013916290009038e-02
1.0254443440695404e-03
3.7681568768145164e-02
2.7898013423073291e-02
2.9517575298320945e-02
1.0313495165349160e-02
-8.9335198982539221e-02
-3.4676041992496145e-02
1.0660027750555591e-01
-6.5069861039507228e-04
-1.5287346655607017e-03
-1.6179826109816102e-02
1.0516744550132896e-01
-4.0441747729582249e-02
-1.2182068574916320e-02
-1.2048065939775197e-02
-2.6536073812935641e-03
4.0433826079327995e-03
-1.0506268696915269e-02
3.4251381410880743e-03
-1.4361842428866343e-02
-2.0912606553102276e-02
-2.3991488801426465e-02
3.8252852294649704e-02
9.6129890124557180e-02
9.0090011377587150e-03
-1.3844301325045487e-02
-4.4796361707340141e-03
-9.3637391160624785e-03
8.5098204317471567e-03
1.8015578237058457e-02
2.1687736885443464e-02
-4.6360274713977802e-03
1.9443120101336080e-02
-3.9460374709506044e-03
-9.4763085298054956e-04
-4.4765970031046785e-03
-3.0575436760075930e-02
5.5752279666959018e-02
1.1816323060308555e-02
-9.5228772057504951e-04
-1.1654383891279586e-04
-8.5631622968989733e-03
2.7840577489657388e-03
8.7306684974868438e-03
-1.4089038056934917e-02
1.1815927427859552e+00
-1.1180680746931536e-02
3.5061565416215842e-03
-7.6637094689242912e-03
9.5073191190073614e-03
1.9479893763785670e-03
-8.0871209365693544e-02
6.3003839325169488e-03
9.8673262440999009e-03
-1.5417958413777353e-02
-1.1761069569235328e-02
1.3864523081771350e-02
5.5527662223668331e-03
6.2583181263600057e-04
5.1972090584484010e-03
7.1291871218769343e-03
-1.4500843993790652e-01
3.7423309579140084e-03
-9.0793093520238650e-04
-1.5784870791607788e-03
-9.8166720541300670e-03
-8.6763902300296750e-03
2.8361233354508079e-02
2.1416710744398975e-02
-1.4656130440072045e-02
5.9234287926413901e-02
-3.9447870532921842e-02
7.9546427641426123e-04
-1.9111564613396220e-02
-5.2705609775235184e-03
3.6090875359265681e-02
5.7977799984054398e-04
1.5592251288165188e-02
-1.2835693243187148e-02
9.8123997307006418e-03
2.5282396758287223e-02
-1.0725535229065291e-02
1.1331691812136025e-02
4.0306329982763142e-03
-3.1512223616539312e-03
9.8594801504123773e-03
1.4838082636738826e-02
1.3792243324627938e-02
-1.4733152455321070e-02
-2.0839959351884013e-02
2.8870587890749810e-04
2.5567746777302568e-03
-2.9082758083400252e-03
-7.2325901687092086e-03
3.1658983565731832e-03
-1.6519696507644122e-02
-2.4860936254002233e-03
2.1296221639236046e-01
-6.4866049971097472e-03
8.7215962182123617e-04
4.9358906809751857e-02
-1.5388284494506684e-02
5.8091941696832516e-02
6.8127144526780896e-03
